73
599
665
214
636
976
840
474
326
430
22
358
360
451
196
350
286
238
459
626
457
371
752
39
788
298
784
475
332
13
376
757
965
41
971
953
369
163
427
695
593
801
405
305
252
954
7
891
192
467
869
2
190
621
41
330
919
178
805
603
191
182
360
508
223
331
462
945
494
241
640
440
43
46
97
647
0
105
538
544
924
759
546
114
380
940
796
651
118
601
254
661
783
614
522
359
945
984
304
792
577
296
232
972
694
329
620
46
434
510
591
358
270
489
824
2
781
620
654
251
574
908
913
709
875
435
420
172
771
724
964
700
373
196
673
67
878
645
114
664
507
57
375
777
546
551
132
328
172
138
931
98
398
196
807
273
983
228
446
754
304
762
455
677
311
480
745
189
125
211
205
632
268
580
762
814
132
246
494
656
384
778
754
782
974
561
408
958
789
854
64
446
616
519
123
279
351
868
468
476
431
674
461
699
606
223
866
738
469
360
746
205
138
500
987
465
414
395
423
555
601
487
1
570
359
125
849
710
345
670
539
129
696
0
828
302
575
694
393
44
407
139
249
897
992
588
362
758
336
785
313
937
273
667
859
632
144
709
694
841
731
233
970
427
233
799
729
808
845
474
204
252
614
805
150
958
746
864
68
82
650
381
371
275
400
231
259
896
292
953
738
23
187
60
802
772
211
531
933
57
6
489
661
972
295
811
282
393
676
350
475
678
83
846
953
836
429
564
732
721
517
822
96
56
883
898
181
94
782
114
503
140
955
165
112
602
328
746
995
356
96
470
34
531
669
339
367
98
903
100
820
773
922
268
829
157
167
362
604
949
828
107
89
784
272
553
386
601
299
382
957
747
204
344
630
873
683
998
972
939
450
144
712
372
764
893
882
931
256
486
232
84
593
673
220
218
226
607
171
877
341
128
976
545
824
607
419
860
605
743
799
55
239
863
779
3
756
13
287
364
499
519
801
445
193
21
663
771
980
834
1
321
314
977
867
139
584
638
999
541
733
150
948
972
13
80
327
121
93
614
838
945
486
991
390
679
364
405
802
345
591
803
18
257
781
885
748
717
875
99
611
608
249
911
932
614
991
260
88
437
226
926
382
712
917
124
391
281
529
546
978
472
349
997
729
482
234
478
552
110
929
163
70
179
74
355
145
418
967
233
855
193
511
589
906
428
713
649
62
594
195
392
66
897
389
147
731
976
977
283
438
907
798
508
86
873
215
583
643
182
817
498
376
328
87
634
109
152
283
523
746
831
915
812
80
657
959
811
633
289
95
71
196
893
931
634
118
147
217
761
329
34
611
57
715
50
691
824
202
327
699
948
510
614
112
590
623
424
401
256
713
496
679
261
742
611
895
860
110
112
974
439
499
937
849
566
988
892
742
542
571
441
843
81
55
307
671
679
83
73
287
796
921
967
409
663
578
304
876
688
769
850
479
620
787
680
186
127
925
928
22
496
369
865
578
776
172
601
807
608
26
447
404
948
414
166
963
344
470
839
384
591
41
215
211
181
896
749
660
821
29
682
317
750
899
247
879
424
201
38
32
227
485
788
527
899
954
843
243
425
34
979
368
76
195
932
609
91
33
269
264
63
304
933
165
203
181
44
627
734
83
11
961
920
800
841
820
754
684
415
531
718
395
900
146
590
184
755
33
217
377
649
632
33
582
798
236
115
194
216
849
629
227
163
550
27
4
722
134
688
489
665
758
884
917
905
826
101
12
211
671
741
860
303
774
443
453
363
910
0
579
760
981
158
923
883
538
279
605
672
967
95
689
77
331
607
334
158
60
347
369
83
440
582
387
567
25
192
930
287
192
861
47
174
19
322
57
557
601
15
581
920
110
271
998
793
230
332
951
290
31
673
374
824
607
113
391
632
305
321
919
850
182
319
376
201
641
785
111
595
800
692
515
262
963
865
56
193
198
359
836
581
384
562
405
991
27
796
975
684
469
247
534
651
566
262
205
559
48
668
154
200
360
22
463
676
887
871
221
437
582
409
19
967
971
776
958
350
925
286
35
394
533
569
398
451
184
955
10
232
623
517
784
335
539
247
363
778
470
585
216
53
346
587
372
318
715
330
668
640
968
55
35
501
977
785
952
161
740
315
745
715
832
529
50
723
129
414
853
599
351
69
4
697
8
376
367
724
59
388
364
27
443
751
881
420
536
833
581
628
148
326
343
332
856
394
407
337
160
261
936
863
682
293
912
691
669
280
767
80
668
131
460
463
235
341
884
123
526
817
752
27
144
95
359
352
841
767
689
353
