754
917
353
16
25
404
474
96
60
861
607
79
266
577
368
79
469
453
526
41
813
833
569
121
313
511
82
308
611
400
91
366
669
796
734
47
200
560
143
261
422
750
692
40
679
413
120
148
866
646
189
680
831
110
801
145
621
235
805
233
987
896
951
656
693
37
703
893
597
846
506
371
948
551
764
627
964
236
127
182
234
668
862
66
779
15
563
400
250
368
985
237
264
936
246
309
973
949
555
923
148
413
294
448
964
58
428
280
646
907
463
881
928
677
947
707
693
862
459
295
230
445
533
846
733
131
156
59
80
711
982
580
124
628
381
441
39
161
73
685
68
536
566
996
214
513
55
259
375
515
554
957
312
439
804
397
570
960
456
3
23
790
583
499
419
316
292
458
477
366
143
546
902
710
894
468
575
950
727
303
817
282
260
129
73
64
878
644
376
335
647
751
125
582
603
896
899
895
354
728
261
498
274
516
560
521
984
487
471
64
790
288
698
51
769
771
467
647
415
196
982
414
299
460
997
902
356
248
798
63
976
59
913
603
927
473
124
912
960
595
328
103
235
26
506
4
149
973
651
565
521
986
331
821
446
328
723
154
928
521
217
905
933
130
860
860
955
984
124
268
931
452
371
166
830
877
170
980
202
173
897
724
159
228
897
957
909
620
112
837
494
681
742
779
164
602
991
471
938
116
739
869
920
462
387
751
691
909
83
894
83
980
970
594
208
219
552
117
839
16
307
685
49
49
816
213
4
808
37
294
276
128
164
196
591
903
299
282
813
734
528
248
714
850
842
275
69
394
744
261
762
51
298
812
453
115
377
809
923
766
103
199
895
619
747
486
523
399
120
336
133
1
936
200
203
778
475
273
525
571
886
287
623
184
451
428
299
181
237
574
947
692
125
842
312
873
680
187
272
153
875
405
154
811
957
357
589
432
982
114
4
220
754
979
757
205
759
56
738
348
983
686
40
108
880
704
981
561
891
605
714
766
363
220
577
320
929
519
105
264
633
461
484
387
440
241
945
551
650
683
899
633
721
939
93
602
996
427
163
887
32
229
654
395
449
583
68
378
102
173
642
88
634
479
475
426
720
772
329
722
808
228
707
529
519
801
131
515
228
294
403
612
523
409
360
324
344
428
703
447
953
697
535
587
176
362
365
897
487
694
971
295
274
679
824
793
832
956
661
60
602
416
24
478
825
384
154
169
812
857
968
117
555
855
56
731
218
421
980
57
467
304
352
741
983
176
887
815
484
548
227
439
964
251
269
141
636
423
662
800
633
983
270
540
838
326
623
408
748
604
465
215
260
817
309
243
346
196
410
182
96
989
973
412
240
594
905
228
18
919
381
3
902
651
543
93
977
166
501
77
122
319
645
382
488
954
977
834
502
739
369
950
728
342
362
321
289
267
549
659
186
282
662
441
285
205
534
263
723
387
692
846
706
337
580
195
643
910
381
497
649
750
447
378
445
161
699
734
780
600
393
319
883
407
760
168
612
646
783
687
33
828
885
740
517
466
935
513
376
316
10
25
419
810
755
216
323
454
950
104
55
695
423
290
102
183
810
66
829
946
753
214
774
639
954
291
457
241
804
185
910
167
562
329
329
318
545
652
124
847
756
531
542
179
821
996
714
984
62
895
930
167
110
704
806
416
347
615
658
504
800
568
671
363
249
0
33
146
652
157
993
409
689
887
940
862
883
7
846
297
902
128
464
364
184
623
781
532
238
791
36
39
711
59
754
960
59
787
106
63
944
99
824
985
338
765
848
221
124
46
870
378
175
334
743
711
957
876
243
196
19
631
587
730
690
341
690
101
480
148
165
424
599
989
762
937
106
962
510
230
8
380
609
535
714
352
247
24
580
842
572
599
474
511
329
516
204
371
618
684
519
783
460
118
124
222
55
231
184
917
461
545
297
70
432
363
774
31
739
706
226
311
305
52
822
986
568
378
357
538
62
228
673
523
698
798
97
105
29
634
22
490
179
319
913
963
35
687
347
774
394
573
438
51
625
612
390
545
991
99
84
53
328
757
928
26
907
26
484
936
12
506
779
543
178
44
506
213
83
853
339
829
778
777
233
403
742
623
301
733
722
385
138
402
494
419
781
754
797
265
42
809
771
173
352
949
217
210
514
653
64
206
482
194
335
715
950
77
338
251
162
413
988
653
815
834
72
596
588
221
861
631
30
985
804
382
286
374
592
153
27
8
359
509
203
694
577
505
124
267
756
286
680
744
291
848
578
715
444
519
936
658
150
966
995
306
700
281
680
645
