545
973
477
352
865
205
38
382
84
321
679
399
754
449
937
49
201
58
325
950
561
669
106
433
549
330
271
271
86
582
843
983
908
320
687
773
525
725
507
610
399
187
361
505
988
298
554
541
708
880
491
270
901
949
55
451
280
326
722
718
261
565
53
521
885
740
646
763
817
154
725
216
693
86
722
681
736
628
222
445
860
65
715
762
14
770
565
646
449
639
716
62
556
769
583
793
861
229
556
679
735
633
247
428
71
321
461
808
950
35
605
810
100
672
924
467
794
489
113
595
128
830
657
684
951
240
830
813
822
386
844
557
372
443
338
443
765
799
603
715
187
208
877
287
232
154
106
27
643
572
622
124
754
632
160
705
872
990
870
46
729
66
604
101
510
294
896
275
93
500
342
280
708
219
920
941
373
26
320
369
950
942
845
704
574
357
762
799
348
632
845
429
699
801
882
561
95
778
836
541
278
178
821
339
749
93
632
475
472
952
196
422
894
41
127
821
398
889
972
98
873
169
879
924
971
761
485
418
892
673
959
522
203
133
861
953
226
493
780
50
445
976
473
692
369
952
865
119
193
837
218
66
6
449
343
329
211
180
748
455
854
59
977
57
192
839
362
771
684
142
173
482
470
646
174
839
950
391
311
143
580
881
562
586
330
257
268
893
437
368
348
291
427
326
701
972
517
63
95
201
558
268
683
28
267
209
220
217
600
531
713
180
764
627
119
94
884
739
988
673
107
688
317
886
14
18
858
883
433
953
437
991
222
120
372
841
682
944
58
634
827
123
167
591
750
638
685
986
377
25
660
836
714
329
722
80
347
581
964
132
886
401
124
460
873
848
301
555
792
712
542
971
835
709
562
938
347
599
924
76
625
936
912
339
617
634
771
964
567
735
97
806
488
573
266
362
773
568
269
565
632
163
888
467
872
450
405
571
49
682
647
26
970
559
717
588
546
489
904
113
576
353
919
65
278
186
779
51
106
400
968
738
564
856
557
788
658
315
360
708
997
7
86
319
919
804
907
465
645
164
578
221
517
850
638
796
388
769
199
494
170
168
584
86
376
493
874
35
808
586
95
805
594
181
477
865
337
736
330
982
900
260
556
770
110
546
918
498
316
117
344
838
285
928
924
662
422
150
49
230
737
144
388
683
325
217
900
663
953
230
997
854
490
905
624
601
452
542
451
768
659
796
606
297
76
882
311
498
384
712
81
473
856
821
156
533
38
56
196
991
638
546
197
481
451
173
434
903
715
885
23
727
681
981
376
758
863
39
608
600
751
41
73
607
214
582
140
604
990
689
948
629
587
145
110
38
319
544
294
386
781
317
465
463
651
841
573
514
232
533
466
983
927
540
942
141
122
83
98
112
124
46
741
711
543
203
101
214
99
395
601
881
65
418
696
716
260
269
582
492
154
49
828
81
941
770
575
63
205
673
175
329
719
269
40
614
824
494
829
924
241
782
157
658
200
853
726
812
122
309
657
276
710
485
358
651
255
933
66
461
958
593
142
29
862
535
643
39
29
824
315
622
958
472
281
159
325
7
323
447
668
332
75
730
817
785
733
425
70
799
238
28
393
380
57
607
915
701
646
296
877
961
919
836
785
200
347
110
559
670
909
580
3
985
310
172
122
44
949
193
843
187
221
588
920
631
196
835
684
194
484
561
508
755
397
293
955
96
404
866
119
665
446
474
2
757
646
125
153
596
318
996
135
891
585
55
874
133
243
558
327
727
472
187
482
221
481
789
318
237
655
437
902
454
911
905
563
909
30
716
857
700
64
993
943
1
48
818
134
291
376
814
370
848
1
852
70
834
993
740
71
1
177
326
455
440
583
18
349
965
86
207
665
150
552
960
504
600
778
990
244
507
804
614
707
158
467
777
992
460
869
416
461
46
742
268
838
325
638
188
642
724
747
307
227
299
267
83
899
398
73
495
905
230
110
612
388
929
742
732
389
611
148
203
10
242
823
848
919
462
388
561
538
135
220
117
786
840
200
38
238
274
533
495
856
643
459
244
572
553
328
314
165
829
869
527
71
692
727
343
506
116
256
45
603
477
162
742
669
363
780
259
989
665
754
845
661
565
441
233
119
121
899
636
950
120
515
374
165
242
717
671
710
325
716
666
802
231
408
823
594
540
82
935
205
188
132
866
754
573
452
225
46
703
861
997
824
376
371
989
970
440
660
33
765
729
699
920
960
459
95
906
999
178
193
204
718
325
423
472
250
875
49
296
930
262
293
754
990
16
95
961
456
108
994
574
837
45
846
149
