91
495
895
229
269
508
27
206
180
216
279
133
255
505
769
368
488
331
787
903
543
608
786
426
145
127
190
351
948
123
184
392
619
79
973
240
939
0
446
119
216
77
253
471
582
22
191
70
706
331
325
601
291
112
27
437
591
569
788
891
693
324
283
664
755
256
904
695
257
702
814
825
780
419
649
714
794
192
137
500
523
814
101
815
278
480
604
869
50
744
113
95
68
748
759
175
357
15
870
966
717
37
791
849
456
440
916
602
985
405
102
508
219
203
675
498
36
279
719
86
375
832
533
795
933
292
971
290
307
841
256
376
878
399
578
687
192
846
289
177
251
744
685
822
299
361
320
335
992
40
773
368
224
306
163
509
598
134
799
257
328
407
986
558
807
916
245
999
114
887
176
717
631
861
539
930
574
860
618
567
252
391
935
828
698
450
338
648
937
489
258
265
897
596
175
704
864
773
703
978
660
879
47
643
92
586
925
667
798
543
234
402
935
521
231
985
323
921
985
260
410
595
877
307
191
53
11
407
826
714
737
838
945
784
481
38
371
406
705
521
302
291
924
589
812
507
926
135
428
911
748
190
507
625
498
50
30
861
458
856
928
195
694
873
332
527
911
55
286
968
576
588
259
852
529
423
359
455
911
139
718
659
330
225
636
180
628
667
41
86
523
969
633
570
195
965
97
458
20
383
427
597
323
686
801
852
462
161
659
373
652
378
384
334
955
20
514
583
39
908
21
915
229
655
485
424
972
934
883
993
670
662
942
993
700
743
198
162
256
857
887
261
235
271
595
191
644
462
126
683
722
148
950
951
803
787
728
775
722
963
120
744
977
414
89
677
158
287
840
766
497
727
27
84
999
975
627
995
437
754
30
159
902
981
462
57
768
190
184
842
505
305
586
482
719
676
160
229
315
352
348
812
431
375
897
430
350
524
777
139
278
808
298
532
789
761
589
909
303
126
752
161
783
338
995
502
366
507
84
682
859
784
494
291
159
743
73
862
268
851
1
898
11
652
783
800
765
372
709
420
498
461
581
281
152
929
136
518
436
572
200
296
356
47
939
867
790
12
81
410
215
435
661
226
439
444
378
204
168
440
976
19
253
910
652
405
839
140
276
275
64
828
923
772
227
862
992
370
227
73
132
442
860
793
21
299
589
751
855
110
191
832
129
445
742
133
202
581
274
478
208
690
659
132
463
886
346
455
256
573
880
389
368
741
534
741
392
124
492
248
234
684
80
715
481
174
200
683
107
826
514
315
517
525
799
332
411
498
787
20
423
19
409
143
760
943
884
153
419
729
753
5
765
833
72
246
359
273
281
466
99
147
133
616
672
285
948
436
783
87
456
206
107
865
702
219
160
586
724
932
315
477
289
432
662
362
678
21
635
312
839
734
811
973
703
484
258
3
920
393
443
728
951
550
593
653
121
105
240
198
37
907
675
679
340
690
41
370
711
676
34
551
762
846
876
817
682
134
821
954
879
264
682
830
166
627
484
639
732
724
837
122
983
865
801
675
907
194
46
970
870
80
873
984
278
749
802
960
235
975
266
114
591
948
945
109
575
429
748
660
505
938
134
840
155
935
516
62
129
914
32
351
994
906
687
625
655
841
937
891
816
204
357
759
152
654
868
80
435
969
740
292
907
874
133
62
161
649
124
642
563
156
993
909
62
32
886
70
874
824
313
42
28
670
802
180
325
670
260
112
639
352
405
898
226
538
960
739
539
436
381
454
593
726
715
7
759
602
77
633
426
390
27
454
413
829
986
90
852
599
202
843
303
607
742
882
497
54
621
36
491
3
842
436
729
558
443
488
160
873
473
586
615
501
392
28
682
730
470
534
681
673
730
985
632
824
867
130
878
488
518
721
843
361
157
573
271
601
413
431
826
239
369
441
92
761
470
774
843
940
661
877
965
743
862
598
567
81
80
445
921
950
167
765
663
676
690
934
277
103
717
103
694
86
545
786
199
367
913
43
659
926
920
625
669
134
575
236
215
7
33
136
309
552
253
973
229
943
259
858
47
977
314
93
63
211
232
263
578
145
658
237
423
578
214
92
64
789
680
279
148
65
767
458
618
21
431
199
964
42
57
363
19
371
809
435
582
41
698
512
538
356
102
961
286
316
405
350
458
437
981
606
502
100
416
472
473
199
671
438
242
729
153
261
452
962
48
387
3
746
899
893
454
1
854
92
318
611
794
128
48
127
86
903
228
503
375
701
702
399
491
944
480
997
558
932
959
606
319
315
705
219
208
511
220
415
604
890
26
398
